[gd_scene load_steps=11 format=3 uid="uid://byar7pxdk55ax"]

[ext_resource type="PackedScene" uid="uid://d0bhddcrgymwp" path="res://Assets/3D assets/Castle.blend" id="1_jjgbg"]
[ext_resource type="PackedScene" uid="uid://ditfb7c5a5gml" path="res://Assets/3D assets/Enemy.blend" id="2_bo1nx"]
[ext_resource type="Script" uid="uid://d0yh7qnbue75u" path="res://Scripts/enemy.gd" id="3_8gbba"]

[sub_resource type="ProceduralSkyMaterial" id="ProceduralSkyMaterial_bo1nx"]
sky_horizon_color = Color(0.662243, 0.671743, 0.686743, 1)
ground_horizon_color = Color(0.662243, 0.671743, 0.686743, 1)

[sub_resource type="Sky" id="Sky_8gbba"]
sky_material = SubResource("ProceduralSkyMaterial_bo1nx")

[sub_resource type="Environment" id="Environment_jjvhh"]
background_mode = 1
background_color = Color(0.532208, 0.896997, 1, 1)
background_energy_multiplier = 0.75
sky = SubResource("Sky_8gbba")
ambient_light_source = 1
ambient_light_color = Color(0.808998, 0.808998, 0.808998, 1)
ambient_light_energy = 0.75
tonemap_mode = 2
ssao_enabled = true
sdfgi_enabled = true
sdfgi_energy = 0.5
glow_enabled = true

[sub_resource type="PlaneMesh" id="PlaneMesh_kry3j"]

[sub_resource type="CylinderMesh" id="CylinderMesh_21xkr"]

[sub_resource type="Curve3D" id="Curve3D_8gbba"]
_data = {
"points": PackedVector3Array(0, 0, 0, 0, 0, 0, 0.072782, 0, 6.32036, 0.248784, -0.115507, 0.541456, -0.248784, 0.115507, -0.541456, -0.0444064, 0, 4.0002, 0.172325, 0.165473, 0.68341, -0.172325, -0.165473, -0.68341, -3.39358, 0.0765438, 2.06974, -0.320417, -0.583138, 0.389681, 0.320417, 0.583138, -0.389681, -3.25104, 0.10157, -0.789428, -0.279395, -0.157753, 0.896273, 0.279395, 0.157753, -0.896273, -0.00778913, 0, -2.99389, 0, 0, 0, 0, 0, 0, -0.0987372, 0, -6.44112),
"tilts": PackedFloat32Array(0, 0, 0, 0, 0, 0)
}
point_count = 6

[sub_resource type="BoxShape3D" id="BoxShape3D_8gbba"]
size = Vector3(1.17, 0.998418, 1)

[node name="Main" type="Node3D"]

[node name="WorldEnvironment" type="WorldEnvironment" parent="."]
environment = SubResource("Environment_jjvhh")

[node name="DirectionalLight3D" type="DirectionalLight3D" parent="."]
transform = Transform3D(0.833886, 0.351075, -0.425888, 0, 0.771625, 0.636078, 0.551937, -0.530417, 0.643447, 0, 14.0771, 0)
shadow_enabled = true
shadow_normal_bias = 0.0
shadow_blur = 0.5
directional_shadow_blend_splits = true
directional_shadow_max_distance = 80.0
directional_shadow_pancake_size = 5.0

[node name="Camera3D" type="Camera3D" parent="."]
transform = Transform3D(0.707107, -0.5, 0.5, 0, 0.707107, 0.707107, -0.707107, -0.5, 0.5, 28.51, 39.704, 29.105)
fov = 19.8

[node name="Ground" type="MeshInstance3D" parent="."]
transform = Transform3D(7.90337, 0, 0, 0, 8.19666, 0, 0, 0, 8.30956, 0.0872254, 0.0117895, 0.306348)
mesh = SubResource("PlaneMesh_kry3j")

[node name="Tower" type="MeshInstance3D" parent="."]
transform = Transform3D(2, 0, 0, 0, 1.66802, 0, 0, 0, 2, 0, 1.46523, 1.23305)
mesh = SubResource("CylinderMesh_21xkr")

[node name="Castle" parent="." instance=ExtResource("1_jjgbg")]
transform = Transform3D(1.56193, 0, 0, 0, 1.61989, 0, 0, 0, 1.64221, -0.0884737, -0.00278952, -7.17696)

[node name="Path3D" type="Path3D" parent="."]
curve = SubResource("Curve3D_8gbba")

[node name="PathFollow3D" type="PathFollow3D" parent="Path3D"]
transform = Transform3D(0.436487, 0.00468773, 0.899687, 0.13381, 0.98852, -0.0700688, -0.889695, 0.150973, 0.430851, -0.705242, 0.0884874, 3.53875)
progress = 3.16277

[node name="Enemy" type="CharacterBody3D" parent="Path3D/PathFollow3D"]
transform = Transform3D(0.998735, 0, -0.0504448, 0, 1.00001, 0, 0.0504449, 0, 0.998737, 0.24614, 0, -6.31605)

[node name="Enemy" parent="Path3D/PathFollow3D/Enemy" instance=ExtResource("2_bo1nx")]
transform = Transform3D(0.5, 0, 0, 0, 0.5, 0, 0, 0, 0.5, -0.0429688, 0, 7.93933)
script = ExtResource("3_8gbba")
target = NodePath("../../../../Castle")

[node name="CollisionShape3D" type="CollisionShape3D" parent="Path3D/PathFollow3D/Enemy"]
transform = Transform3D(1, 0, 0, 0, 1, 0, 0, 0, 1, 0, 0.500196, 7.9164)
shape = SubResource("BoxShape3D_8gbba")
